1221201382|ggmah
1221201777|
1221201321|
1221201333|
1221201333|
1221201444|win gold medal
1221201444|nice1221201383
1221201383|joined basketball team
1221201383|win gold medal
1234567890|
1221201001|
1221201002|
1221201003|
1221201004|
1221201005|
1221201006|
1221201007|
1221201008|
1221201009|
1221201010|
1221201011|
1221201012|
1221201013|
1221201014|
1221201015|
1221201016|
1221201017|
1221201018|
1221201019|
1221201020|
1221201021|
1221201022|
1221201023|
1221201024|
1221201025|
1221201026|
1221201027|
1221201028|
1221201029|
1221201030|
1221201031|
1221201032|
1221201033|
1221201034|
1221201035|
1221201036|
1221201037|
1221201038|
1221201039|
1221201040|
1221201041|
1221201042|
1221201043|
1221201044|
1221201045|
1221201046|
1221201047|
1221201048|
1221201049|
1221201050|
