1221201444|5D|50|80|90|39|44|78|22|63|29|77|7|3|15|22|8|20
1221201383|5D|-1|-1|-1|-1|-1|-1|-1|-1|-1|-1|-1|-1|-1|-1|-1|0
1234567890|5D|10|50|100|79|-1|-1|-1|-1|-1|-1|50|-1|-1|-1|-1|0
1221189966|3D|-1|-1|-1|-1|-1|-1|-1|-1|-1|0
1221201000|3D|50|80|20|35|65|47|66|79|100|0
1221201637|5B|12|50|-1|-1|-1|-1|-1|-1|-1|-1|-1|-1|-1|-1|-1|-1|-1|-1|-1|-1|-1|0
1221201497|5B|88|65|32|58|46|87|-1|-1|-1|-1|-1|-1|69|-1|-1|-1|-1|80|-1|-1|-1|0
1221201382|5B|100|-1|45|-1|-1|-1|-1|-1|-1|-1|-1|-1|-1|-1|-1|-1|-1|-1|-1|-1|-1|0
1221201505|5A|100|-1|45|-1|-1|-1|-1|89|-1|-1|-1|-1|-1|-1|-1|-1|-1|-1|-1|-1|-1|0
1221201001|5A|-1|-1|-1|-1|-1|-1|-1|-1|-1|-1|-1|-1|-1|-1|-1|-1|-1|-1|-1|-1|-1|0
1221201002|5B|-1|-1|-1|-1|-1|-1|-1|-1|-1|-1|-1|-1|-1|-1|-1|-1|-1|-1|-1|-1|-1|0
1221201003|5C|-1|-1|-1|-1|-1|-1|-1|-1|-1|-1|-1|-1|0
1221201004|5D|-1|-1|-1|-1|-1|-1|-1|-1|-1|-1|-1|-1|-1|-1|-1|0
1221201005|5A|-1|-1|-1|-1|-1|-1|-1|-1|-1|-1|-1|-1|-1|-1|-1|-1|-1|-1|-1|-1|-1|0
1221201006|5B|-1|-1|-1|-1|-1|-1|-1|-1|-1|-1|-1|-1|-1|-1|-1|-1|-1|-1|-1|-1|-1|0
1221201007|5C|-1|-1|-1|-1|-1|-1|-1|-1|-1|-1|-1|-1|0
1221201008|5D|-1|-1|-1|-1|-1|-1|-1|-1|-1|-1|-1|-1|-1|-1|-1|0
1221201009|1A|-1|-1|-1|-1|-1|-1|-1|-1|-1|0
1221201010|2A|50|80|24|-1|-1|-1|-1|-1|-1|-1|-1|-1|0
1221201011|3A|-1|-1|-1|-1|-1|-1|-1|-1|-1|-1|-1|-1|-1|-1|-1|0
1221201012|3B|-1|-1|-1|-1|-1|-1|-1|-1|-1|-1|-1|-1|0
1221201013|5A|-1|-1|-1|-1|-1|-1|-1|-1|-1|-1|-1|-1|-1|-1|-1|-1|-1|-1|-1|-1|-1|0
1221201014|5B|-1|-1|-1|-1|-1|-1|-1|-1|-1|-1|-1|-1|-1|-1|-1|-1|-1|-1|-1|-1|-1|0
1221201015|5C|-1|-1|-1|-1|-1|-1|-1|-1|-1|-1|-1|-1|0
1221201016|5D|-1|-1|-1|-1|-1|-1|-1|-1|-1|-1|-1|-1|-1|-1|-1|0
1221201017|1A|-1|-1|-1|-1|-1|-1|-1|-1|-1|0
1221201018|2A|-1|-1|-1|-1|-1|-1|-1|-1|-1|-1|-1|-1|0
1221201019|3A|-1|-1|-1|-1|-1|-1|-1|-1|-1|-1|-1|-1|-1|-1|-1|0
1221201020|3B|-1|-1|-1|-1|-1|-1|-1|-1|-1|-1|-1|-1|0
1221201021|5A|-1|-1|-1|-1|-1|-1|-1|-1|-1|-1|-1|-1|-1|-1|-1|-1|-1|-1|-1|-1|-1|0
1221201022|5B|-1|-1|-1|-1|-1|-1|-1|-1|-1|-1|-1|-1|-1|-1|-1|-1|-1|-1|-1|-1|-1|0
1221201023|5C|-1|-1|-1|-1|-1|-1|-1|-1|-1|-1|-1|-1|0
1221201024|5D|-1|-1|-1|-1|-1|-1|-1|-1|-1|-1|-1|-1|-1|-1|-1|0
1221201025|1A|-1|-1|-1|-1|-1|-1|-1|-1|-1|0
1221201026|2A|-1|-1|-1|-1|-1|-1|-1|-1|-1|-1|-1|-1|0
1221201027|3A|-1|-1|-1|-1|-1|-1|-1|-1|-1|-1|-1|-1|-1|-1|-1|0
1221201028|3B|-1|-1|-1|-1|-1|-1|-1|-1|-1|-1|-1|-1|0
1221201029|5A|-1|-1|-1|-1|-1|-1|-1|-1|-1|-1|-1|-1|-1|-1|-1|-1|-1|-1|-1|-1|-1|0
1221201030|5B|-1|-1|-1|-1|-1|-1|-1|-1|-1|-1|-1|-1|-1|-1|-1|-1|-1|-1|-1|-1|-1|0
1221201031|5C|-1|-1|-1|-1|-1|-1|-1|-1|-1|-1|-1|-1|0
1221201032|5D|-1|-1|-1|-1|-1|-1|-1|-1|-1|-1|-1|-1|-1|-1|-1|0
1221201033|1A|-1|-1|-1|-1|-1|-1|-1|-1|-1|0
1221201034|2A|-1|-1|-1|-1|-1|-1|-1|-1|-1|-1|-1|-1|0
1221201035|3A|-1|-1|-1|-1|-1|-1|-1|-1|-1|-1|-1|-1|-1|-1|-1|0
1221201036|3B|-1|-1|-1|-1|-1|-1|-1|-1|-1|-1|-1|-1|0
1221201037|5A|-1|-1|-1|-1|-1|-1|-1|-1|-1|-1|-1|-1|-1|-1|-1|-1|-1|-1|-1|-1|-1|0
1221201038|5B|-1|-1|-1|-1|-1|-1|-1|-1|-1|-1|-1|-1|-1|-1|-1|-1|-1|-1|-1|-1|-1|0
1221201039|5C|-1|-1|-1|-1|-1|-1|-1|-1|-1|-1|-1|-1|0
1221201040|5D|-1|-1|-1|-1|-1|-1|-1|-1|-1|-1|-1|-1|-1|-1|-1|0
1221201041|1A|-1|-1|-1|-1|-1|-1|-1|-1|-1|0
1221201042|2A|-1|-1|-1|-1|-1|-1|-1|-1|-1|-1|-1|-1|0
